-20.0
-20.0
-21.0
-19.0
-21.0
-21.0
-21.0
-20.0
-21.0
-21.0
-21.0
-21.0
-21.0
-21.0
-20.0
-21.0
-20.0
-21.0
-20.0
-20.0
-20.0
-21.0
-20.0
-21.0
-21.0
-20.0
-20.0
-21.0
-21.0
-20.0
-20.0
-21.0
-21.0
-20.0
-20.0
-21.0
-20.0
-19.0
-18.0
-20.0
-20.0
-20.0
-21.0
-20.0
-21.0
-20.0
-19.0
-21.0
-20.0
-21.0
-21.0
-20.0
-21.0
-20.0
-21.0
-21.0
-21.0
-19.0
-21.0
-21.0
-21.0
-20.0
-20.0
-20.0
-19.0
-20.0
-21.0
-20.0
-19.0
-20.0
-18.0
-20.0
-21.0
-20.0
-16.0
-17.0
-19.0
-21.0
-16.0
-17.0
-16.0
-21.0
-13.0
-19.0
-14.0
-16.0
-16.0
-15.0
-14.0
-14.0
-18.0
-10.0
-11.0
-13.0
-21.0
-21.0
-21.0
-20.0
-21.0
-21.0
-20.0
-21.0
-16.0
-19.0
-15.0
-20.0
-20.0
-20.0
-19.0
-19.0
-18.0
-20.0
-19.0
-21.0
-15.0
-21.0
-18.0
-19.0
-21.0
-21.0
-20.0
-20.0
-21.0
-21.0
-21.0
-21.0
-20.0
-20.0
-21.0
-21.0
-21.0
-20.0
-21.0
-21.0
-18.0
-21.0
-20.0
-20.0
-20.0
-21.0
-20.0
-21.0
-20.0
-20.0
-21.0
-21.0
-21.0
-21.0
-21.0
-21.0
-21.0
-21.0
-19.0
-20.0
-20.0
-21.0
-19.0
-21.0
-18.0
-21.0
-20.0
-21.0
-21.0
-20.0
-20.0
-21.0
-18.0
-20.0
-20.0
-20.0
-21.0
-21.0
-20.0
-19.0
-20.0
-19.0
-19.0
-21.0
-20.0
-20.0
-17.0
-21.0
-21.0
-18.0
-20.0
-20.0
-17.0
-21.0
-18.0
-19.0
-21.0
-18.0
-21.0
-18.0
-20.0
-16.0
-14.0
-16.0
-17.0
-15.0
-17.0
-16.0
-18.0
-15.0
-16.0
-18.0
-17.0
-17.0
-17.0
-19.0
-14.0
-18.0
-18.0
-17.0
-16.0
-16.0
-15.0
-18.0
-16.0
-15.0
-16.0
-15.0
-17.0
-14.0
-12.0
-16.0
-15.0
-17.0
-16.0
-16.0
-19.0
-18.0
-17.0
-19.0
-15.0
-19.0
-21.0
-21.0
-17.0
-21.0
-19.0
-21.0
-19.0
-15.0
-16.0
-16.0
-15.0
-17.0
-13.0
-16.0
-15.0
-14.0
-12.0
-14.0
-13.0
-16.0
-16.0
-17.0
-14.0
-14.0
-20.0
-16.0
-19.0
-13.0
-17.0
-10.0
-17.0
-16.0
-16.0
-17.0
-18.0
-16.0
-15.0
-17.0
-15.0
-19.0
-13.0
-17.0
-17.0
-16.0
-21.0
-21.0
-19.0
-18.0
-15.0
-20.0
-19.0
-16.0
-17.0
-19.0
-21.0
-11.0
-13.0
-16.0
-11.0
-17.0
-16.0
-14.0
-13.0
-16.0
-20.0
-14.0
-13.0
-9.0
-12.0
-12.0
-12.0
-14.0
-6.0
-10.0
-13.0
-16.0
-16.0
-12.0
-14.0
-10.0
-12.0
-19.0
-16.0
-13.0
-15.0
-16.0
-19.0
-16.0
-17.0
-19.0
-18.0
-21.0
-21.0
-16.0
-12.0
-13.0
-14.0
-14.0
-17.0
-19.0
-15.0
-15.0
-18.0
-20.0
-13.0
-14.0
-14.0
-14.0
-13.0
-15.0
-11.0
-14.0
-18.0
-16.0
-16.0
-17.0
-18.0
-13.0
-16.0
-21.0
-17.0
-17.0
-15.0
-15.0
-14.0
-13.0
-13.0
-15.0
-18.0
-17.0
-17.0
-14.0
-14.0
-15.0
-8.0
-11.0
-16.0
-13.0
-16.0
-17.0
-15.0
-18.0
-20.0
-13.0
-15.0
-10.0
-17.0
-8.0
-11.0
-9.0
-8.0
-13.0
-13.0
-8.0
-5.0
-8.0
-16.0
-18.0
-9.0
-13.0
-12.0
-16.0
-9.0
-17.0
-13.0
7.0
-14.0
-13.0
-15.0
-11.0
-11.0
-11.0
-10.0
-6.0
-9.0
-10.0
-13.0
-8.0
-10.0
-7.0
-9.0
-10.0
-10.0
-6.0
-5.0
-7.0
-7.0
-19.0
-11.0
-8.0
-6.0
1.0
-4.0
2.0
4.0
1.0
1.0
-8.0
-10.0
-8.0
-12.0
-11.0
-9.0
-11.0
-5.0
-11.0
-9.0
-6.0
-8.0
4.0
1.0
-7.0
-8.0
-4.0
-1.0
5.0
4.0
12.0
-1.0
-3.0
-5.0
-5.0
13.0
19.0
15.0
8.0
-14.0
-5.0
16.0
8.0
6.0
-8.0
4.0
12.0
14.0
6.0
-7.0
-17.0
11.0
6.0
-5.0
-7.0
7.0
4.0
11.0
11.0
5.0
8.0
1.0
-5.0
12.0
6.0
3.0
4.0
7.0
20.0
5.0
14.0
12.0
7.0
6.0
4.0
3.0
11.0
18.0
19.0
18.0
19.0
17.0
14.0
-14.0
-16.0
-5.0
20.0
-8.0
-5.0
6.0
12.0
11.0
17.0
16.0
18.0
16.0
20.0
17.0
16.0
12.0
13.0
18.0
12.0
19.0
16.0
13.0
16.0
18.0
19.0
18.0
18.0
14.0
17.0
19.0
16.0
12.0
15.0
12.0
19.0
19.0
17.0
13.0
9.0
13.0
19.0
18.0
16.0
12.0
21.0
16.0
17.0
15.0
14.0
18.0
15.0
17.0
18.0
11.0
19.0
16.0
17.0
14.0
18.0
18.0
14.0
15.0
16.0
16.0
15.0
18.0
17.0
18.0
20.0
17.0
16.0
17.0
18.0
15.0
16.0
18.0
14.0
16.0
21.0
20.0
17.0
16.0
20.0
15.0
12.0
20.0
19.0
17.0
17.0
18.0
17.0
16.0
16.0
15.0
19.0
15.0
20.0
18.0
21.0
16.0
19.0
18.0
18.0
16.0
20.0
19.0
14.0
15.0
21.0
20.0
21.0
18.0
17.0
15.0
11.0
21.0
17.0
15.0
17.0
20.0
21.0
19.0
21.0
20.0
20.0
19.0
20.0
20.0
-20.0
-21.0
-16.0
13.0
9.0
11.0
-2.0
11.0
13.0
16.0
18.0
17.0
18.0
19.0
19.0
19.0
20.0
19.0
18.0
15.0
21.0
18.0
12.0
19.0
19.0
20.0
19.0
16.0
15.0
21.0
18.0
20.0
21.0
16.0
21.0
20.0
19.0
16.0
17.0
19.0
14.0
19.0
19.0
15.0
17.0
12.0
18.0
17.0
15.0
7.0
15.0
19.0
13.0
12.0
14.0
19.0
19.0
21.0
19.0
20.0
19.0
20.0
20.0
21.0
13.0
20.0
15.0
14.0
15.0
15.0
16.0
17.0
21.0
19.0
11.0
10.0
19.0
19.0
20.0
20.0
14.0
19.0
17.0
17.0
19.0
15.0
15.0
20.0
11.0
16.0
18.0
13.0
16.0
20.0
18.0
16.0
19.0
20.0
18.0
19.0
19.0
20.0
20.0
18.0
21.0
14.0
20.0
19.0
8.0
15.0
20.0
18.0
16.0
11.0
16.0
17.0
19.0
19.0
20.0
16.0
18.0
19.0
19.0
18.0
13.0
21.0
20.0
-17.0
-19.0
8.0
13.0
18.0
16.0
16.0
11.0
19.0
19.0
17.0
20.0
13.0
18.0
18.0
20.0
16.0
18.0
13.0
14.0
12.0
19.0
18.0
20.0
19.0
19.0
21.0
19.0
18.0
18.0
19.0
16.0
17.0
12.0
13.0
16.0
20.0
19.0
20.0
17.0
17.0
20.0
21.0
16.0
20.0
21.0
6.0
16.0
19.0
11.0
20.0
10.0
20.0
21.0
19.0
15.0
20.0
19.0
21.0
20.0
17.0
19.0
19.0
10.0
18.0
21.0
21.0
10.0
18.0
17.0
19.0
20.0
18.0
10.0
19.0
21.0
14.0
20.0
-2.0
21.0
19.0
20.0
20.0
17.0
20.0
17.0
13.0
20.0
20.0
17.0
20.0
19.0
19.0
17.0
20.0
12.0
16.0
20.0
16.0
21.0
18.0
8.0
14.0
21.0
12.0
17.0
19.0
19.0
20.0
17.0
20.0
13.0
12.0
21.0
20.0
21.0
20.0
16.0
19.0
15.0
18.0
20.0
15.0
20.0
19.0
20.0
21.0
21.0
-4.0
-18.0
-18.0
13.0
15.0
2.0
18.0
9.0
14.0
21.0
18.0
16.0
20.0
17.0
20.0
15.0
18.0
17.0
11.0
14.0
20.0
20.0
17.0
20.0
12.0
18.0
21.0
18.0
18.0
16.0
21.0
15.0
15.0
21.0
17.0
19.0
17.0
7.0
10.0
20.0
20.0
18.0
20.0
12.0
20.0
18.0
19.0
17.0
11.0
19.0
19.0
17.0
17.0
15.0
19.0
19.0
19.0
18.0
18.0
19.0
18.0
19.0
19.0
18.0
13.0
21.0
16.0
6.0
17.0
17.0
20.0
18.0
14.0
15.0
19.0
20.0
20.0
21.0
-21.0
-9.0
18.0
21.0
-8.0
6.0
16.0
20.0
19.0
15.0
16.0
14.0
15.0
19.0
20.0
17.0
17.0
21.0
8.0
20.0
13.0
16.0
21.0
17.0
20.0
17.0
19.0
20.0
20.0
20.0
20.0
19.0
21.0
12.0
19.0
18.0
16.0
17.0
20.0
20.0
16.0
21.0
20.0
20.0
19.0
19.0
16.0
20.0
21.0
21.0
19.0
19.0
19.0
19.0
20.0
19.0
19.0
21.0
20.0
17.0
17.0
14.0
21.0
16.0
19.0
20.0
14.0
19.0
18.0
20.0
20.0
16.0
16.0
19.0
18.0
20.0
16.0
21.0
20.0
19.0
12.0
20.0
19.0
21.0
18.0
21.0
21.0
20.0
21.0
18.0
20.0
18.0
21.0
21.0
17.0
21.0
17.0
21.0
20.0
14.0
19.0
20.0
20.0
20.0
18.0
21.0
20.0
18.0
19.0
20.0
11.0
12.0
19.0
12.0
16.0
19.0
17.0
19.0
16.0
21.0
20.0
16.0
15.0
18.0
20.0
19.0
17.0
18.0
16.0
18.0
19.0
11.0
12.0
17.0
20.0
19.0
21.0
21.0
20.0
20.0
19.0
21.0
16.0
21.0
18.0
19.0
16.0
20.0
20.0
20.0
